ID	Description	GeneRatio	BgRatio	pvalue	p.adjust	qvalue	geneID	Count
GO:0003823	antigen binding	6/75	171/18368	7.05782974831041e-05	0.0183503573456071	0.0173102561195403	HLA-DPB1/IGHG1/IGHG4/IGHM/IGHV4-39/IGLV2-14	6
GO:0034987	immunoglobulin receptor binding	4/75	79/18368	0.000305548228964604	0.0397212697653985	0.0374698617625014	IGHG1/IGHG4/IGHM/IGHV4-39	4
